Convex hull (157 points):
136 207 452 387 101 95 174 140 166 441 
170 73 156 60 476 263 370 153 345 362 
448 388 216 219 201 198 1 406 427 293 
481 160 229 319 218 472 402 40 396 125 
72 145 257 71 261 309 11 327 34 210 
262 434 11 294 145 257 242 71 309 57 
190 261 309 356 69 134 10 337 466 309 
242 292 34 356 69 244 337 190 57 453 
71 292 71 242 250 309 363 190 57 363 
190 42 190 460 337 261 145 250 42 396 
453 278 52 190 57 453 337 292 257 309 
337 363 71 292 466 71 57 267 309 356 
69 337 292 466 453 71 363 57 242 294 
42 71 190 57 242 363 434 18 52 57 
242 190 57 453 267 57 453 71 267 292 
181 134 134 337 337 292 466 
